3 0.7391826923076923 0.3125 0.11298076923076923 0.14423076923076922
0 0.1935096153846154 0.4543269230769231 0.11778846153846154 0.11057692307692307
0 0.7103365384615384 0.5120192307692307 0.15144230769230768 0.1346153846153846
3 0.9242788461538461 0.5288461538461539 0.08413461538461539 0.11057692307692307
1 0.8052884615384616 0.5649038461538461 0.0673076923076923 0.11057692307692307
0 0.6033653846153846 0.5685096153846154 0.1971153846153846 0.18028846153846154
3 0.23557692307692307 0.5901442307692307 0.18269230769230768 0.09615384615384616
1 0.8701923076923077 0.5949519230769231 0.0625 0.09134615384615384
0 0.36538461538461536 0.6658653846153846 0.18269230769230768 0.15865384615384615
3 0.44350961538461536 0.7620192307692307 0.18028846153846154 0.25961538461538464
1 0.9350961538461539 0.7992788461538461 0.125 0.20432692307692307