3 0.3125 0.2608173076923077 0.14423076923076922 0.11298076923076923
0 0.4543269230769231 0.8064903846153846 0.11057692307692307 0.11778846153846154
0 0.5120192307692307 0.28966346153846156 0.1346153846153846 0.15144230769230768
3 0.5288461538461539 0.07572115384615384 0.11057692307692307 0.08413461538461539
1 0.5649038461538461 0.19471153846153846 0.11057692307692307 0.0673076923076923
0 0.5685096153846154 0.39663461538461536 0.18028846153846154 0.1971153846153846
3 0.5901442307692307 0.7644230769230769 0.09615384615384616 0.18269230769230768
1 0.5949519230769231 0.12980769230769232 0.09134615384615384 0.0625
0 0.6658653846153846 0.6346153846153846 0.15865384615384615 0.18269230769230768
3 0.7620192307692307 0.5564903846153846 0.25961538461538464 0.18028846153846154
1 0.7980769230769231 0.06370192307692307 0.20192307692307693 0.12740384615384615