0 0.9158653846153846 0.25240384615384615 0.03365384615384615 0.09134615384615384
0 0.8233173076923077 0.38822115384615385 0.026442307692307692 0.07932692307692307
0 0.9098557692307693 0.41225961538461536 0.026442307692307692 0.06009615384615385
0 0.9699519230769231 0.4387019230769231 0.055288461538461536 0.11298076923076923
0 0.14783653846153846 0.5600961538461539 0.04567307692307692 0.10576923076923077
3 0.02283653846153846 0.5612980769230769 0.026442307692307692 0.07451923076923077
0 0.7139423076923077 0.5673076923076923 0.028846153846153848 0.09615384615384616
0 0.8088942307692307 0.5769230769230769 0.055288461538461536 0.08173076923076923
0 0.8605769230769231 0.6141826923076923 0.057692307692307696 0.06490384615384616
0 0.6766826923076923 0.6201923076923077 0.052884615384615384 0.038461538461538464
0 0.9819711538461539 0.6538461538461539 0.021634615384615384 0.09615384615384616
0 0.2824519230769231 0.6598557692307693 0.038461538461538464 0.055288461538461536
0 0.8125 0.6610576923076923 0.03365384615384615 0.09134615384615384
0 0.16706730769230768 0.6887019230769231 0.026442307692307692 0.07692307692307693
0 0.6995192307692307 0.7091346153846154 0.052884615384615384 0.052884615384615384
0 0.5997596153846154 0.7139423076923077 0.04567307692307692 0.04326923076923077
0 0.36778846153846156 0.7355769230769231 0.03365384615384615 0.057692307692307696
0 0.8774038461538461 0.75 0.02403846153846154 0.09615384615384616
0 0.2980769230769231 0.7704326923076923 0.028846153846153848 0.07211538461538461
0 0.09735576923076923 0.7980769230769231 0.05048076923076923 0.1201923076923077
3 0.35697115384615385 0.8064903846153846 0.03365384615384615 0.04567307692307692
0 0.24879807692307693 0.8137019230769231 0.04326923076923077 0.11298076923076923
0 0.96875 0.8245192307692307 0.038461538461538464 0.038461538461538464
0 0.025240384615384616 0.8545673076923077 0.03365384615384615 0.12740384615384615
0 0.1502403846153846 0.9002403846153846 0.03125 0.10336538461538461
0 0.7608173076923077 0.9254807692307693 0.07932692307692307 0.14423076923076922
0 0.08052884615384616 0.1466346153846154 0.040865384615384616 0.08653846153846154