3 0.515625 0.14783653846153846 0.040865384615384616 0.09134615384615384
3 0.9855769230769231 0.31009615384615385 0.02403846153846154 0.11057692307692307
3 0.9182692307692307 0.3293269230769231 0.08653846153846154 0.21153846153846154
0 0.7536057692307693 0.3701923076923077 0.19471153846153846 0.23557692307692307
3 0.5444711538461539 0.039663461538461536 0.06490384615384616 0.07932692307692307
0 0.9411057692307693 0.5492788461538461 0.07451923076923077 0.24278846153846154
3 0.5516826923076923 0.5516826923076923 0.0985576923076923 0.2283653846153846
3 0.8473557692307693 0.07211538461538461 0.07451923076923077 0.14423076923076922
3 0.9663461538461539 0.7319711538461539 0.0625 0.13701923076923078
0 0.6550480769230769 0.7512019230769231 0.1201923076923077 0.07451923076923077
0 0.43990384615384615 0.7716346153846154 0.1971153846153846 0.32211538461538464
0 0.140625 0.08052884615384616 0.12740384615384615 0.16105769230769232
0 0.7680288461538461 0.8040865384615384 0.19951923076923078 0.3870192307692308
2 0.9759615384615384 0.8930288461538461 0.04326923076923077 0.17548076923076922
2 0.6045673076923077 0.9471153846153846 0.09375 0.10096153846153846
2 0.3954326923076923 0.10576923076923077 0.16105769230769232 0.21153846153846154