0 0.6959134615384616 0.16346153846153846 0.14182692307692307 0.09134615384615384
0 0.6081730769230769 0.04807692307692308 0.052884615384615384 0.0673076923076923
0 0.7596153846153846 0.8473557692307693 0.10576923076923077 0.057692307692307696
0 0.5072115384615384 0.8713942307692307 0.1778846153846154 0.07451923076923077
0 0.20432692307692307 0.9146634615384616 0.07211538461538461 0.14182692307692307
0 0.9110576923076923 0.9182692307692307 0.17307692307692307 0.13942307692307693
0 0.33413461538461536 0.9254807692307693 0.18269230769230768 0.1201923076923077
0 0.7487980769230769 0.9266826923076923 0.18028846153846154 0.14182692307692307
0 0.5516826923076923 0.9338942307692307 0.17548076923076922 0.0985576923076923
0 0.9050480769230769 0.09615384615384616 0.12259615384615384 0.08173076923076923
0 0.1658653846153846 0.10336538461538461 0.08653846153846154 0.08173076923076923