3 0.14783653846153846 0.484375 0.09134615384615384 0.040865384615384616
3 0.31009615384615385 0.014423076923076924 0.11057692307692307 0.02403846153846154
3 0.3293269230769231 0.08173076923076923 0.21153846153846154 0.08653846153846154
0 0.3701923076923077 0.24639423076923078 0.23557692307692307 0.19471153846153846
3 0.039663461538461536 0.45552884615384615 0.07932692307692307 0.06490384615384616
0 0.5492788461538461 0.05889423076923077 0.24278846153846154 0.07451923076923077
3 0.5516826923076923 0.4483173076923077 0.2283653846153846 0.0985576923076923
3 0.07211538461538461 0.15264423076923078 0.14423076923076922 0.07451923076923077
3 0.7307692307692307 0.03245192307692308 0.1346153846153846 0.06490384615384616
0 0.7512019230769231 0.3449519230769231 0.07451923076923077 0.1201923076923077
0 0.7716346153846154 0.5600961538461539 0.32211538461538464 0.1971153846153846
0 0.08052884615384616 0.859375 0.16105769230769232 0.12740384615384615
0 0.8040865384615384 0.23197115384615385 0.3870192307692308 0.19951923076923078
2 0.8930288461538461 0.02403846153846154 0.17548076923076922 0.04326923076923077
2 0.9471153846153846 0.3954326923076923 0.10096153846153846 0.09375
2 0.10576923076923077 0.6045673076923077 0.21153846153846154 0.16105769230769232