0 0.3713942307692308 0.12379807692307693 0.35336538461538464 0.24759615384615385
0 0.46033653846153844 0.19951923076923078 0.31490384615384615 0.28846153846153844
0 0.5612980769230769 0.7115384615384616 0.28125 0.34134615384615385
3 0.5709134615384616 0.42908653846153844 0.3269230769230769 0.18509615384615385
0 0.7740384615384616 0.14302884615384615 0.22596153846153846 0.2860576923076923
3 0.7836538461538461 0.375 0.22115384615384615 0.17307692307692307
0 0.8293269230769231 0.6334134615384616 0.33653846153846156 0.18509615384615385
0 0.8918269230769231 0.9278846153846154 0.1971153846153846 0.13942307692307693
0 0.16105769230769232 0.6129807692307693 0.32211538461538464 0.27403846153846156
2 0.1875 0.8786057692307693 0.375 0.23798076923076922
3 0.2439903846153846 0.40865384615384615 0.18509615384615385 0.11538461538461539
0 0.27403846153846156 0.6430288461538461 0.41346153846153844 0.30528846153846156