1 0.3425480769230769 0.6826923076923077 0.028846153846153848 0.03365384615384615
1 0.34375 0.47475961538461536 0.028846153846153848 0.026442307692307692
3 0.3870192307692308 0.2247596153846154 0.04326923076923077 0.021634615384615384
1 0.41346153846153844 0.40865384615384615 0.028846153846153848 0.03365384615384615
1 0.43028846153846156 0.7415865384615384 0.038461538461538464 0.040865384615384616
1 0.45072115384615385 0.6346153846153846 0.03125 0.038461538461538464
1 0.45913461538461536 0.8978365384615384 0.03365384615384615 0.040865384615384616
1 0.49278846153846156 0.49278846153846156 0.03365384615384615 0.038461538461538464
1 0.5024038461538461 0.8485576923076923 0.038461538461538464 0.052884615384615384
1 0.5024038461538461 0.23677884615384615 0.038461538461538464 0.040865384615384616
1 0.5192307692307693 0.703125 0.04807692307692308 0.040865384615384616
1 0.5709134615384616 0.5661057692307693 0.040865384615384616 0.036057692307692304
1 0.5901442307692307 0.65625 0.04567307692307692 0.04326923076923077
1 0.6346153846153846 0.9242788461538461 0.0673076923076923 0.07211538461538461
1 0.6514423076923077 0.48677884615384615 0.057692307692307696 0.038461538461538464
1 0.6622596153846154 0.8497596153846154 0.055288461538461536 0.055288461538461536
1 0.7307692307692307 0.43149038461538464 0.07211538461538461 0.05048076923076923
1 0.7415865384615384 0.9182692307692307 0.06971153846153846 0.04807692307692308
1 0.7740384615384616 0.7367788461538461 0.057692307692307696 0.06009615384615385
1 0.8149038461538461 0.8425480769230769 0.052884615384615384 0.06009615384615385
1 0.828125 0.6189903846153846 0.08173076923076923 0.04326923076923077
1 0.8629807692307693 0.5252403846153846 0.0673076923076923 0.05048076923076923