3 0.38822115384615385 0.06490384615384616 0.15625 0.125
3 0.41466346153846156 0.7704326923076923 0.11057692307692307 0.08413461538461539
3 0.4254807692307692 0.9603365384615384 0.20192307692307693 0.06490384615384616
3 0.4326923076923077 0.5024038461538461 0.2692307692307692 0.09134615384615384
3 0.44471153846153844 0.1466346153846154 0.19230769230769232 0.04326923076923077
3 0.49759615384615385 0.6454326923076923 0.08173076923076923 0.11057692307692307
3 0.49759615384615385 0.36538461538461536 0.09615384615384616 0.07692307692307693
3 0.5877403846153846 0.5600961538461539 0.05048076923076923 0.04326923076923077
3 0.11658653846153846 0.6526442307692307 0.18028846153846154 0.17548076923076922
2 0.11778846153846154 0.8834134615384616 0.23557692307692307 0.22355769230769232
3 0.23798076923076922 0.4098557692307692 0.1778846153846154 0.08653846153846154