0 0.7824519230769231 0.1814903846153846 0.13701923076923078 0.17548076923076922
0 0.7956730769230769 0.5685096153846154 0.09134615384615384 0.12259615384615384
3 0.8125 0.4795673076923077 0.10096153846153846 0.07451923076923077
0 0.84375 0.6778846153846154 0.14423076923076922 0.07692307692307693
0 0.8930288461538461 0.16947115384615385 0.09375 0.20432692307692307
3 0.45552884615384615 0.9603365384615384 0.07451923076923077 0.06009615384615385
3 0.5180288461538461 0.45552884615384615 0.028846153846153848 0.026442307692307692
0 0.5805288461538461 0.7572115384615384 0.055288461538461536 0.04326923076923077
0 0.5901442307692307 0.5649038461538461 0.04807692307692308 0.10096153846153846
3 0.6117788461538461 0.7139423076923077 0.06490384615384616 0.052884615384615384
0 0.6430288461538461 0.7920673076923077 0.06971153846153846 0.10817307692307693