3 0.3088942307692308 0.6177884615384616 0.2620192307692308 0.1875
3 0.3737980769230769 0.9579326923076923 0.09375 0.07932692307692307
0 0.41466346153846156 0.28365384615384615 0.07932692307692307 0.0673076923076923
3 0.5036057692307693 0.5721153846153846 0.1466346153846154 0.08653846153846154
0 0.5685096153846154 0.03485576923076923 0.07932692307692307 0.06490384615384616
3 0.6310096153846154 0.7512019230769231 0.11538461538461539 0.06490384615384616
0 0.6418269230769231 0.11899038461538461 0.12980769230769232 0.04567307692307692
0 0.06971153846153846 0.19110576923076922 0.13942307692307693 0.07451923076923077
0 0.8052884615384616 0.8137019230769231 0.0673076923076923 0.04567307692307692
3 0.8473557692307693 0.14783653846153846 0.0985576923076923 0.0889423076923077
3 0.9651442307692307 0.6382211538461539 0.06490384615384616 0.0985576923076923
3 0.17908653846153846 0.41225961538461536 0.08413461538461539 0.05048076923076923