3 0.8533653846153846 0.7680288461538461 0.09134615384615384 0.06490384615384616
3 0.8569711538461539 0.6646634615384616 0.0673076923076923 0.09134615384615384
3 0.15384615384615385 0.12980769230769232 0.22596153846153846 0.1346153846153846
3 0.24879807692307693 0.7235576923076923 0.13701923076923078 0.14903846153846154
3 0.2668269230769231 0.39783653846153844 0.20673076923076922 0.08413461538461539
3 0.42427884615384615 0.9182692307692307 0.1875 0.09134615384615384
3 0.44471153846153844 0.7560096153846154 0.2548076923076923 0.11538461538461539
3 0.5528846153846154 0.6466346153846154 0.19230769230769232 0.09615384615384616
3 0.6466346153846154 0.3425480769230769 0.125 0.07932692307692307
3 0.6694711538461539 0.17668269230769232 0.19951923076923078 0.10576923076923077
3 0.7331730769230769 0.3629807692307692 0.12980769230769232 0.0673076923076923
3 0.7415865384615384 0.28846153846153844 0.14182692307692307 0.0673076923076923