1 0.3173076923076923 0.3425480769230769 0.03365384615384615 0.028846153846153848
1 0.5252403846153846 0.34375 0.026442307692307692 0.028846153846153848
3 0.7752403846153846 0.3870192307692308 0.021634615384615384 0.04326923076923077
1 0.5913461538461539 0.41346153846153844 0.03365384615384615 0.028846153846153848
1 0.25841346153846156 0.43028846153846156 0.040865384615384616 0.038461538461538464
1 0.36538461538461536 0.45072115384615385 0.038461538461538464 0.03125
1 0.10216346153846154 0.45913461538461536 0.040865384615384616 0.03365384615384615
1 0.5072115384615384 0.49278846153846156 0.038461538461538464 0.03365384615384615
1 0.15144230769230768 0.5024038461538461 0.052884615384615384 0.038461538461538464
1 0.7632211538461539 0.5024038461538461 0.040865384615384616 0.038461538461538464
1 0.296875 0.5192307692307693 0.040865384615384616 0.04807692307692308
1 0.4338942307692308 0.5709134615384616 0.036057692307692304 0.040865384615384616
1 0.34375 0.5901442307692307 0.04326923076923077 0.04567307692307692
1 0.07572115384615384 0.6346153846153846 0.07211538461538461 0.0673076923076923
1 0.5132211538461539 0.6514423076923077 0.038461538461538464 0.057692307692307696
1 0.1502403846153846 0.6622596153846154 0.055288461538461536 0.055288461538461536
1 0.5685096153846154 0.7307692307692307 0.05048076923076923 0.07211538461538461
1 0.08173076923076923 0.7415865384615384 0.04807692307692308 0.06971153846153846
1 0.26322115384615385 0.7740384615384616 0.06009615384615385 0.057692307692307696
1 0.15745192307692307 0.8149038461538461 0.06009615384615385 0.052884615384615384
1 0.38100961538461536 0.828125 0.04326923076923077 0.08173076923076923
1 0.47475961538461536 0.8629807692307693 0.05048076923076923 0.0673076923076923