3 0.9350961538461539 0.38822115384615385 0.125 0.15625
3 0.22956730769230768 0.41466346153846156 0.08413461538461539 0.11057692307692307
3 0.039663461538461536 0.4254807692307692 0.06490384615384616 0.20192307692307693
3 0.49759615384615385 0.4326923076923077 0.09134615384615384 0.2692307692307692
3 0.8533653846153846 0.44471153846153844 0.04326923076923077 0.19230769230769232
3 0.3545673076923077 0.49759615384615385 0.11057692307692307 0.08173076923076923
3 0.6346153846153846 0.49759615384615385 0.07692307692307693 0.09615384615384616
3 0.43990384615384615 0.5877403846153846 0.04326923076923077 0.05048076923076923
3 0.3473557692307692 0.11658653846153846 0.17548076923076922 0.18028846153846154
2 0.11658653846153846 0.11778846153846154 0.22355769230769232 0.23557692307692307
3 0.5901442307692307 0.23798076923076922 0.08653846153846154 0.1778846153846154