3 0.38221153846153844 0.3088942307692308 0.1875 0.2620192307692308
3 0.042067307692307696 0.3737980769230769 0.07932692307692307 0.09375
0 0.7163461538461539 0.41466346153846156 0.0673076923076923 0.07932692307692307
3 0.42788461538461536 0.5036057692307693 0.08653846153846154 0.1466346153846154
0 0.9651442307692307 0.5685096153846154 0.06490384615384616 0.07932692307692307
3 0.24879807692307693 0.6310096153846154 0.06490384615384616 0.11538461538461539
0 0.8810096153846154 0.6418269230769231 0.04567307692307692 0.12980769230769232
0 0.8088942307692307 0.06971153846153846 0.07451923076923077 0.13942307692307693
0 0.18629807692307693 0.8052884615384616 0.04567307692307692 0.0673076923076923
3 0.8521634615384616 0.8473557692307693 0.0889423076923077 0.0985576923076923
3 0.36177884615384615 0.9651442307692307 0.0985576923076923 0.06490384615384616
3 0.5877403846153846 0.17908653846153846 0.05048076923076923 0.08413461538461539