3 0.23197115384615385 0.8533653846153846 0.06490384615384616 0.09134615384615384
3 0.33533653846153844 0.8569711538461539 0.09134615384615384 0.0673076923076923
3 0.8701923076923077 0.15384615384615385 0.1346153846153846 0.22596153846153846
3 0.2764423076923077 0.24879807692307693 0.14903846153846154 0.13701923076923078
3 0.6021634615384616 0.2668269230769231 0.08413461538461539 0.20673076923076922
3 0.08173076923076923 0.42427884615384615 0.09134615384615384 0.1875
3 0.2439903846153846 0.44471153846153844 0.11538461538461539 0.2548076923076923
3 0.35336538461538464 0.5528846153846154 0.09615384615384616 0.19230769230769232
3 0.6574519230769231 0.6466346153846154 0.07932692307692307 0.125
3 0.8233173076923077 0.6694711538461539 0.10576923076923077 0.19951923076923078
3 0.6370192307692307 0.7331730769230769 0.0673076923076923 0.12980769230769232
3 0.7115384615384616 0.7415865384615384 0.0673076923076923 0.14182692307692307