3 0.34134615384615385 0.6730769230769231 0.03365384615384615 0.028846153846153848
3 0.4266826923076923 0.7451923076923077 0.11057692307692307 0.07692307692307693
3 0.42908653846153844 0.47836538461538464 0.07692307692307693 0.02403846153846154
3 0.43149038461538464 0.6430288461538461 0.055288461538461536 0.06971153846153846
3 0.5012019230769231 0.4543269230769231 0.06971153846153846 0.07211538461538461
3 0.5108173076923077 0.8293269230769231 0.036057692307692304 0.057692307692307696
3 0.5144230769230769 0.5384615384615384 0.07211538461538461 0.1346153846153846
3 0.5360576923076923 0.28966346153846156 0.10096153846153846 0.06490384615384616
3 0.5600961538461539 0.890625 0.24519230769230768 0.08173076923076923
3 0.6658653846153846 0.9591346153846154 0.10096153846153846 0.07692307692307693
3 0.6995192307692307 0.39903846153846156 0.16826923076923078 0.20192307692307693
3 0.7980769230769231 0.28846153846153844 0.1971153846153846 0.17307692307692307