0 0.25240384615384615 0.08413461538461539 0.09134615384615384 0.03365384615384615
0 0.38822115384615385 0.17668269230769232 0.07932692307692307 0.026442307692307692
0 0.41225961538461536 0.09014423076923077 0.06009615384615385 0.026442307692307692
0 0.4387019230769231 0.028846153846153848 0.11057692307692307 0.057692307692307696
0 0.5600961538461539 0.8521634615384616 0.10576923076923077 0.04567307692307692
3 0.5612980769230769 0.9771634615384616 0.07451923076923077 0.026442307692307692
0 0.5673076923076923 0.2860576923076923 0.09615384615384616 0.028846153846153848
0 0.5769230769230769 0.19110576923076922 0.08173076923076923 0.055288461538461536
0 0.6141826923076923 0.13942307692307693 0.06490384615384616 0.057692307692307696
0 0.6201923076923077 0.3233173076923077 0.038461538461538464 0.052884615384615384
0 0.6538461538461539 0.018028846153846152 0.09615384615384616 0.021634615384615384
0 0.6598557692307693 0.7175480769230769 0.055288461538461536 0.038461538461538464
0 0.6610576923076923 0.1875 0.09134615384615384 0.03365384615384615
0 0.6887019230769231 0.8329326923076923 0.07692307692307693 0.026442307692307692
0 0.7091346153846154 0.3004807692307692 0.052884615384615384 0.052884615384615384
0 0.7139423076923077 0.40024038461538464 0.04326923076923077 0.04567307692307692
0 0.7355769230769231 0.6322115384615384 0.057692307692307696 0.03365384615384615
0 0.75 0.12259615384615384 0.09615384615384616 0.02403846153846154
0 0.7704326923076923 0.7019230769230769 0.07211538461538461 0.028846153846153848
0 0.7980769230769231 0.9026442307692307 0.1201923076923077 0.05048076923076923
3 0.8064903846153846 0.6430288461538461 0.04567307692307692 0.03365384615384615
0 0.8137019230769231 0.7512019230769231 0.11298076923076923 0.04326923076923077
0 0.8245192307692307 0.03125 0.038461538461538464 0.038461538461538464
0 0.8545673076923077 0.9747596153846154 0.12740384615384615 0.03365384615384615
0 0.9002403846153846 0.8497596153846154 0.10336538461538461 0.03125
0 0.9254807692307693 0.23918269230769232 0.14423076923076922 0.07932692307692307
0 0.1466346153846154 0.9194711538461539 0.08653846153846154 0.040865384615384616