0 0.875 0.37259615384615385 0.24519230769230768 0.3557692307692308
0 0.8004807692307693 0.46033653846153844 0.28846153846153844 0.31490384615384615
0 0.28846153846153844 0.5612980769230769 0.34134615384615385 0.28125
3 0.5709134615384616 0.5709134615384616 0.18509615384615385 0.3269230769230769
0 0.8557692307692307 0.7752403846153846 0.28365384615384615 0.2283653846153846
3 0.625 0.7836538461538461 0.17307692307692307 0.22115384615384615
0 0.36899038461538464 0.8293269230769231 0.18509615384615385 0.33653846153846156
0 0.07091346153846154 0.890625 0.14182692307692307 0.19471153846153846
0 0.3870192307692308 0.16105769230769232 0.27403846153846156 0.32211538461538464
2 0.1201923076923077 0.18629807692307693 0.2403846153846154 0.37259615384615385
3 0.5913461538461539 0.2439903846153846 0.11538461538461539 0.18509615384615385
0 0.35697115384615385 0.27403846153846156 0.30528846153846156 0.41346153846153844