3 0.3269230769230769 0.34134615384615385 0.028846153846153848 0.03365384615384615
3 0.2548076923076923 0.4266826923076923 0.07692307692307693 0.11057692307692307
3 0.5216346153846154 0.42908653846153844 0.02403846153846154 0.07692307692307693
3 0.35697115384615385 0.43149038461538464 0.06971153846153846 0.055288461538461536
3 0.5456730769230769 0.5012019230769231 0.07211538461538461 0.06971153846153846
3 0.17067307692307693 0.5108173076923077 0.057692307692307696 0.036057692307692304
3 0.46153846153846156 0.5144230769230769 0.1346153846153846 0.07211538461538461
3 0.7103365384615384 0.5360576923076923 0.06490384615384616 0.10096153846153846
3 0.109375 0.5600961538461539 0.08173076923076923 0.24519230769230768
3 0.040865384615384616 0.6658653846153846 0.07692307692307693 0.10096153846153846
3 0.6009615384615384 0.6995192307692307 0.20192307692307693 0.16826923076923078
3 0.7115384615384616 0.7980769230769231 0.17307692307692307 0.1971153846153846